PID  %CPU
24221  25.9
24222  25.9
24224  25.9
24223  23.9
1  0.0
2  0.0
3  0.0
4  0.0
5  0.0
6  0.0
7  0.0
8  0.0
9  0.0
10  0.0
11  0.0
12  0.0
13  0.0
14  0.0
19  0.0
20  0.0
21  0.0
138  0.0
139  0.0
140  0.0
142  0.0
143  0.0
144  0.0
145  0.0
146  0.0
147  0.0
149  0.0
499  0.0
627  0.0
628  0.0
725  0.0
769  0.0
1406  0.0
1420  0.0
1421  0.0
1426  0.0
1439  0.0
1493  0.0
1494  0.0
1535  0.0
1658  0.0
1822  0.0
1845  0.0
1861  0.0
1870  0.0
1922  0.0
2069  0.0
2182  0.0
2224  0.0
2235  0.0
2263  0.0
2285  0.0
2303  0.0
2324  0.0
2355  0.0
2390  0.0
2570  0.0
2580  0.0
2600  0.0
2609  0.0
2621  0.0
2635  0.0
2666  0.0
2667  0.0
2669  0.0
2671  0.0
2673  0.0
2675  0.0
2677  0.0
2678  0.0
2686  0.0
2688  0.0
2689  0.0
2713  0.0
2714  0.0
23974  0.0
23975  0.0
24277  0.0
24282  0.0
24283  0.0
24284  0.0
  
